0.000000000000000000e+00
1.668335001668335218e-02
3.336670003336670437e-02
5.005005005005006002e-02
6.673340006673340874e-02
8.341675008341675746e-02
1.001001001001001200e-01
1.167834501167834688e-01
1.334668001334668175e-01
1.501501501501501801e-01
1.668335001668335149e-01
1.835168501835168775e-01
2.002002002002002401e-01
2.168835502168835749e-01
2.335669002335669375e-01
2.502502502502502724e-01
2.669336002669336350e-01
2.836169502836169976e-01
3.003003003003003601e-01
3.169836503169836672e-01
3.336670003336670298e-01
3.503503503503503924e-01
3.670337003670337550e-01
3.837170503837171176e-01
4.004004004004004802e-01
4.170837504170837873e-01
4.337671004337671499e-01
4.504504504504505125e-01
4.671338004671338751e-01
4.838171504838172376e-01
5.005005005005005447e-01
5.171838505171839628e-01
5.338672005338672699e-01
5.505505505505505770e-01
5.672339005672339951e-01
5.839172505839173022e-01
6.006006006006007203e-01
6.172839506172840274e-01
6.339673006339673345e-01
6.506506506506507526e-01
6.673340006673340596e-01
6.840173506840174777e-01
7.007007007007007848e-01
7.173840507173840919e-01
7.340674007340675100e-01
7.507507507507508171e-01
7.674341007674342352e-01
7.841174507841175423e-01
8.008008008008009604e-01
8.174841508174842675e-01
8.341675008341675746e-01
8.508508508508509927e-01
8.675342008675342997e-01
8.842175508842177178e-01
9.009009009009010249e-01
9.175842509175843320e-01
9.342676009342677501e-01
9.509509509509510572e-01
9.676343009676344753e-01
9.843176509843177824e-01
1.001001001001001089e+00
1.017684351017684508e+00
1.034367701034367926e+00
1.051051051051051122e+00
1.067734401067734540e+00
1.084417751084417958e+00
1.101101101101101154e+00
1.117784451117784572e+00
1.134467801134467990e+00
1.151151151151151408e+00
1.167834501167834604e+00
1.184517851184518022e+00
1.201201201201201441e+00
1.217884551217884637e+00
1.234567901234568055e+00
1.251251251251251473e+00
1.267934601267934669e+00
1.284617951284618087e+00
1.301301301301301505e+00
1.317984651317984923e+00
1.334668001334668119e+00
1.351351351351351537e+00
1.368034701368034955e+00
1.384718051384718152e+00
1.401401401401401570e+00
1.418084751418084988e+00
1.434768101434768184e+00
1.451451451451451602e+00
1.468134801468135020e+00
1.484818151484818438e+00
1.501501501501501634e+00
1.518184851518185052e+00
1.534868201534868470e+00
1.551551551551551666e+00
1.568234901568235085e+00
1.584918251584918503e+00
1.601601601601601921e+00
1.618284951618285117e+00
1.634968301634968535e+00
1.651651651651651953e+00
1.668335001668335149e+00
1.685018351685018567e+00
1.701701701701701985e+00
1.718385051718385181e+00
1.735068401735068599e+00
1.751751751751752018e+00
1.768435101768435436e+00
1.785118451785118632e+00
1.801801801801802050e+00
1.818485151818485468e+00
1.835168501835168664e+00
1.851851851851852082e+00
1.868535201868535500e+00
1.885218551885218696e+00
1.901901901901902114e+00
1.918585251918585532e+00
1.935268601935268951e+00
1.951951951951952147e+00
1.968635301968635565e+00
1.985318651985318983e+00
2.002002002002002179e+00
2.018685352018685819e+00
2.035368702035369015e+00
2.052052052052052211e+00
2.068735402068735851e+00
2.085418752085419047e+00
2.102102102102102243e+00
2.118785452118785884e+00
2.135468802135469080e+00
2.152152152152152276e+00
2.168835502168835916e+00
2.185518852185519112e+00
2.202202202202202308e+00
2.218885552218885948e+00
2.235568902235569144e+00
2.252252252252252340e+00
2.268935602268935980e+00
2.285618952285619176e+00
2.302302302302302817e+00
2.318985652318986013e+00
2.335669002335669209e+00
2.352352352352352849e+00
2.369035702369036045e+00
2.385719052385719241e+00
2.402402402402402881e+00
2.419085752419086077e+00
2.435769102435769273e+00
2.452452452452452913e+00
2.469135802469136109e+00
2.485819152485819306e+00
2.502502502502502946e+00
2.519185852519186142e+00
2.535869202535869338e+00
2.552552552552552978e+00
2.569235902569236174e+00
2.585919252585919370e+00
2.602602602602603010e+00
2.619285952619286206e+00
2.635969302635969846e+00
2.652652652652653043e+00
2.669336002669336239e+00
2.686019352686019879e+00
2.702702702702703075e+00
2.719386052719386271e+00
2.736069402736069911e+00
2.752752752752753107e+00
2.769436102769436303e+00
2.786119452786119943e+00
2.802802802802803139e+00
2.819486152819486335e+00
2.836169502836169976e+00
2.852852852852853172e+00
2.869536202869536368e+00
2.886219552886220008e+00
2.902902902902903204e+00
2.919586252919586844e+00
2.936269602936270040e+00
2.952952952952953236e+00
2.969636302969636876e+00
2.986319652986320072e+00
3.003003003003003268e+00
3.019686353019686909e+00
3.036369703036370105e+00
3.053053053053053301e+00
3.069736403069736941e+00
3.086419753086420137e+00
3.103103103103103333e+00
3.119786453119786973e+00
3.136469803136470169e+00
3.153153153153153365e+00
3.169836503169837005e+00
3.186519853186520201e+00
3.203203203203203842e+00
3.219886553219887038e+00
3.236569903236570234e+00
3.253253253253253874e+00
3.269936603269937070e+00
3.286619953286620266e+00
3.303303303303303906e+00
3.319986653319987102e+00
3.336670003336670298e+00
3.353353353353353938e+00
3.370036703370037134e+00
3.386720053386720330e+00
3.403403403403403971e+00
3.420086753420087167e+00
3.436770103436770363e+00
3.453453453453454003e+00
3.470136803470137199e+00
3.486820153486820395e+00
3.503503503503504035e+00
3.520186853520187231e+00
3.536870203536870871e+00
3.553553553553554067e+00
3.570236903570237263e+00
3.586920253586920904e+00
3.603603603603604100e+00
3.620286953620287296e+00
3.636970303636970936e+00
3.653653653653654132e+00
3.670337003670337328e+00
3.687020353687020968e+00
3.703703703703704164e+00
3.720387053720387360e+00
3.737070403737071000e+00
3.753753753753754197e+00
3.770437103770437393e+00
3.787120453787121033e+00
3.803803803803804229e+00
3.820487153820487869e+00
3.837170503837171065e+00
3.853853853853854261e+00
3.870537203870537901e+00
3.887220553887221097e+00
3.903903903903904293e+00
3.920587253920587933e+00
3.937270603937271130e+00
3.953953953953954326e+00
3.970637303970637966e+00
3.987320653987321162e+00
4.004004004004004358e+00
4.020687354020687998e+00
4.037370704037371638e+00
4.054054054054054390e+00
4.070737404070738030e+00
4.087420754087421670e+00
4.104104104104104422e+00
4.120787454120788063e+00
4.137470804137471703e+00
4.154154154154154455e+00
4.170837504170838095e+00
4.187520854187521735e+00
4.204204204204204487e+00
4.220887554220888127e+00
4.237570904237571767e+00
4.254254254254254519e+00
4.270937604270938159e+00
4.287620954287621799e+00
4.304304304304304551e+00
4.320987654320988192e+00
4.337671004337671832e+00
4.354354354354354584e+00
4.371037704371038224e+00
4.387721054387721864e+00
4.404404404404404616e+00
4.421087754421088256e+00
4.437771104437771896e+00
4.454454454454454648e+00
4.471137804471138288e+00
4.487821154487821929e+00
4.504504504504504681e+00
4.521187854521188321e+00
4.537871204537871961e+00
4.554554554554554713e+00
4.571237904571238353e+00
4.587921254587921993e+00
4.604604604604605633e+00
4.621287954621288385e+00
4.637971304637972025e+00
4.654654654654655666e+00
4.671338004671338417e+00
4.688021354688022058e+00
4.704704704704705698e+00
4.721388054721388450e+00
4.738071404738072090e+00
4.754754754754755730e+00
4.771438104771438482e+00
4.788121454788122122e+00
4.804804804804805762e+00
4.821488154821488514e+00
4.838171504838172154e+00
4.854854854854855795e+00
4.871538204871538547e+00
4.888221554888222187e+00
4.904904904904905827e+00
4.921588254921588579e+00
4.938271604938272219e+00
4.954954954954955859e+00
4.971638304971638611e+00
4.988321654988322251e+00
5.005005005005005891e+00
5.021688355021688643e+00
5.038371705038372284e+00
5.055055055055055924e+00
5.071738405071738676e+00
5.088421755088422316e+00
5.105105105105105956e+00
5.121788455121788708e+00
5.138471805138472348e+00
5.155155155155155988e+00
5.171838505171838740e+00
5.188521855188522380e+00
5.205205205205206020e+00
5.221888555221889661e+00
5.238571905238572413e+00
5.255255255255256053e+00
5.271938605271939693e+00
5.288621955288622445e+00
5.305305305305306085e+00
5.321988655321989725e+00
5.338672005338672477e+00
5.355355355355356117e+00
5.372038705372039757e+00
5.388722055388722509e+00
5.405405405405406150e+00
5.422088755422089790e+00
5.438772105438772542e+00
