0.000000000000000000e+00
1.668335001668335218e-02
3.336670003336670437e-02
5.005005005005006002e-02
6.673340006673340874e-02
8.341675008341675746e-02
1.001001001001001200e-01
1.167834501167834688e-01
1.334668001334668175e-01
1.501501501501501801e-01
1.668335001668335149e-01
1.835168501835168775e-01
2.002002002002002401e-01
2.168835502168835749e-01
2.335669002335669375e-01
2.502502502502502724e-01
2.669336002669336350e-01
2.836169502836169976e-01
3.003003003003003601e-01
3.169836503169836672e-01
3.336670003336670298e-01
3.503503503503503924e-01
3.670337003670337550e-01
3.837170503837171176e-01
4.004004004004004802e-01
4.170837504170837873e-01
4.337671004337671499e-01
4.504504504504505125e-01
4.671338004671338751e-01
4.838171504838172376e-01
5.005005005005005447e-01
5.171838505171839628e-01
5.338672005338672699e-01
5.505505505505505770e-01
5.672339005672339951e-01
5.839172505839173022e-01
6.006006006006007203e-01
6.172839506172840274e-01
6.339673006339673345e-01
6.506506506506507526e-01
6.673340006673340596e-01
6.840173506840174777e-01
7.007007007007007848e-01
7.173840507173840919e-01
7.340674007340675100e-01
7.507507507507508171e-01
7.674341007674342352e-01
7.841174507841175423e-01
8.008008008008009604e-01
8.174841508174842675e-01
8.341675008341675746e-01
8.508508508508509927e-01
8.675342008675342997e-01
8.842175508842177178e-01
9.009009009009010249e-01
9.175842509175843320e-01
9.342676009342677501e-01
9.509509509509510572e-01
9.676343009676344753e-01
9.843176509843177824e-01
1.001001001001001089e+00
1.017684351017684508e+00
1.034367701034367926e+00
1.051051051051051122e+00
1.067734401067734540e+00
1.084417751084417958e+00
1.101101101101101154e+00
1.117784451117784572e+00
1.134467801134467990e+00
1.151151151151151408e+00
1.167834501167834604e+00
1.184517851184518022e+00
1.201201201201201441e+00
1.217884551217884637e+00
1.234567901234568055e+00
1.251251251251251473e+00
1.267934601267934669e+00
1.284617951284618087e+00
1.301301301301301505e+00
1.317984651317984923e+00
1.334668001334668119e+00
1.351351351351351537e+00
1.368034701368034955e+00
1.384718051384718152e+00
1.401401401401401570e+00
1.418084751418084988e+00
1.434768101434768184e+00
1.451451451451451602e+00
1.468134801468135020e+00
1.484818151484818438e+00
1.501501501501501634e+00
1.518184851518185052e+00
1.534868201534868470e+00
1.551551551551551666e+00
1.568234901568235085e+00
1.584918251584918503e+00
1.601601601601601921e+00
1.618284951618285117e+00
1.634968301634968535e+00
1.651651651651651953e+00
